0
detected_pose: 
-0.559716 -0.827869 0.0367562 0.0943647
-0.613165  0.383904 -0.690396 0.0188021
 0.557447 -0.408963 -0.722497  0.989469
        0         0         0         1
ground truth pose: 
-0.535286 -0.836655  0.116097 0.0943281
-0.606126  0.284742 -0.742653 0.0177839
 0.588286 -0.467901 -0.659536   1.00067
        0         0         0         1

1
detected_pose: 
 0.0706807  -0.997305  0.0196958  0.0744492
 -0.729804 -0.0651625  -0.680544 -0.0132955
  0.679993  0.0337272  -0.732443   0.988691
         0          0          0          1
ground truth pose: 
 -0.014176  -0.995321  0.0955795  0.0742767
 -0.650004 -0.0634625  -0.757276 -0.0136093
  0.759798 -0.0728623  -0.646063    1.00132
         0          0          0          1

2
detected_pose: 
  0.532182  -0.846356 -0.0215391   0.105511
 -0.587542  -0.350885   -0.72916  0.0712117
  0.609571   0.400701  -0.684004    1.00682
         0          0          0          1
ground truth pose: 
 0.477161 -0.877007  0.056353  0.104342
-0.592139 -0.368228 -0.716784 0.0709802
 0.649375  0.308653 -0.695015   1.01553
        0         0         0         1


3
detected_pose: 
   0.79911   -0.60053 -0.0280495  0.0545997
 -0.428062  -0.535612   -0.72793  0.0970504
  0.422121   0.593704  -0.685077   0.975825
         0          0          0          1
ground truth pose: 
  0.836762  -0.541726 -0.0797635  0.0564884
 -0.407339  -0.518486  -0.751829  0.0956707
  0.365929   0.661593  -0.654515   0.984858
         0          0          0          1

4
detected_pose: 
 -0.873002  -0.487281 -0.0206328  0.0567768
 -0.353945    0.66209  -0.660575  0.0361932
  0.335546   -0.56938  -0.750476   0.940555
         0          0          0          1
ground truth pose: 
  0.846789    0.53174 -0.0141611  0.0589546
  0.433117    -0.7047  -0.561968  0.0355615
   -0.3088   0.469735  -0.827038   0.948591
         0          0          0          1

5
detected_pose: 
  0.600173   0.798813 -0.0411177 -0.0704433
  0.592614  -0.478598  -0.647884   0.064503
 -0.537217   0.364475  -0.760629   0.898624
         0          0          0          1
ground truth pose: 
  0.548816   0.821221  -0.156197 -0.0683738
  0.627596  -0.528203  -0.571947  0.0663987
 -0.552199   0.215865  -0.805282   0.906192
         0          0          0          1

6
detected_pose: 
 -0.0426733    0.997391  -0.0582239  -0.0749341
   0.755515 -0.00591782   -0.655105    0.041042
   -0.65374  -0.0719445   -0.753291    0.914948
          0           0           0           1
ground truth pose: 
-0.0951752   0.991128 -0.0927707 -0.0713933
  0.757488   0.011642  -0.652745  0.0431157
 -0.645874  -0.132398  -0.751876   0.921674
         0          0          0          1

7
detected_pose: 
 -0.903953   0.422223 -0.0678052  0.0144727
  0.368516   0.688694  -0.624417    0.13681
 -0.216946  -0.589431  -0.778142    0.79287
         0          0          0          1
ground truth pose: 
 -0.924569   0.375262 -0.0659586  0.0125568
  0.342327   0.742142  -0.576227   0.134172
 -0.167285  -0.555341  -0.814624   0.804459
         0          0          0          1

8
detected_pose: 
   -0.968825    -0.247748  0.000158438     0.175884
   -0.211286     0.825906    -0.522722 -0.000170171
    0.129372     -0.50646    -0.852503     0.796935
           0            0            0            1
ground truth pose: 
  -0.960829   -0.264981    0.081198     0.17683
  -0.268191    0.815127   -0.513461 -0.00191534
   0.069871   -0.515125   -0.854263    0.806484
          0           0           0           1

9
detected_pose: 
 -0.928809   -0.14255  -0.342044 -0.0760886
 -0.253275   0.917997   0.305177  0.0792447
  0.270493   0.370083  -0.888748   0.806883
         0          0          0          1
ground truth pose: 
  0.928835  -0.151526   0.338089 -0.0787193
  0.251362   0.928124  -0.274598  0.0800432
  -0.27218   0.340039   0.900162   0.816016
         0          0          0          1

10
detected_pose: 
  -0.794982 -0.00518818   -0.606611   0.0160576
    -0.2029    0.944647    0.257826    0.197834
   0.571696    0.328049   -0.752029     0.80021
          0           0           0           1
ground truth pose: 
 0.782109 0.0412043  0.621777 0.0160008
 0.197272  0.930119 -0.309778  0.197644
-0.591091  0.364939  0.719326  0.808348
        0         0         0         1
11
detected_pose: 
 -0.449148 -0.0189019  -0.893257 0.00865406
    -0.396   0.900423   0.180063   0.092508
  0.800906   0.434606  -0.411908   0.816688
         0          0          0          1
ground truth pose: 
  0.383851   0.055291   0.921738 0.00950623
   0.38684    0.89676  -0.214889    0.09174
 -0.838459    0.43905   0.322833   0.825913
         0          0          0          1

12
detected_pose: 
  0.142874  0.0159363   0.989613   0.050732
  0.500541   0.861417 -0.0861369  0.0652794
 -0.853842   0.507648   0.115098   0.729949
         0          0          0          1
ground truth pose: 
 0.0751541  0.0376049   0.996463  0.0518469
  0.519486   0.851498 -0.0713143   0.064134
 -0.851168   0.523008  0.0444583    0.74108
         0          0          0          1

13
detected_pose: 
    0.5784 -0.0115684  -0.815672  0.0498061
  -0.40904   0.861001  -0.302265  0.0955238
  0.705791   0.508472   0.493271   0.698562
         0          0          0          1
ground truth pose: 
-0.513272 0.0697996  0.855382  0.046989
 0.472425   0.85507  0.213705 0.0932854
-0.716495  0.513793 -0.471859  0.703466
        0         0         0         1

14
detected_pose: 
 0.906592 0.0181701 -0.421618 0.0590285
-0.228117  0.861631 -0.453381  0.109003
 0.355041  0.507209  0.785293  0.666862
        0         0         0         1
ground truth pose: 
-0.922116 0.0356999  0.385262   0.05996
 0.203485  0.891652  0.404413  0.107322
-0.329082  0.451311 -0.829472  0.673705
        0         0         0         1
15
detected_pose: 
 -0.996921  0.0551253  0.0557654 -0.0101871
 0.0757552    0.86068   0.503478  0.0919689
-0.0202418   0.506153  -0.862206   0.726194
         0          0          0          1
ground truth pose: 
 -0.988953  0.0246469   0.146166 -0.0110366
   0.10742   0.798651    0.59213  0.0927261
 -0.102141    0.60129  -0.792476   0.732171
         0          0          0          1

16
detected_pose: 
 0.934788 0.0873074  0.344309 0.0521133
  0.10162  0.863075 -0.494748 0.0713331
 -0.34036  0.497473   0.79792  0.753134
        0         0         0         1
ground truth pose: 
-0.942876 0.0327007 -0.331535 0.0537992
-0.108907  0.910237  0.399509  0.070728
 0.314839  0.412794  -0.85468  0.761563
        0         0         0         1

17
detected_pose: 
  0.515988  0.0831464   0.852551 -0.0345776
  0.397722   0.858238  -0.324414   0.104446
 -0.758666   0.506472   0.409771   0.693054
         0          0          0          1
ground truth pose: 
 -0.429553  0.0933953  -0.898199 -0.0295633
 -0.391915   0.876804   0.278599   0.104584
  0.813565   0.471691   -0.34003   0.701781
         0          0          0          1

18
detected_pose: 
  -0.651419    0.122748    0.748724 -0.00295207
   0.447642    0.858948    0.248647   0.0796746
  -0.612593    0.497134   -0.614482    0.747842
          0           0           0           1
ground truth pose: 
   0.608276    0.153244   -0.778792 -0.00292147
  -0.479072    0.853189   -0.206297    0.080501
   0.632843    0.498583    0.592389    0.756302
          0           0           0           1

19
detected_pose: 
 -0.939126  0.0699124   0.336385 -0.0496116
  0.228943   0.857372   0.460975   0.146117
 -0.256179   0.509927  -0.821186   0.627476
         0          0          0          1
ground truth pose: 
  0.933714  0.0716835  -0.350771 -0.0513686
 -0.257374   0.815452  -0.518456   0.146188
  0.248872   0.574368   0.779849    0.63514
         0          0          0          1


