0
detected_pose: 
   0.986928    0.141746    0.076689 -0.00855248
   0.159243   -0.784477   -0.599364    -0.12694
  -0.024797    0.603742   -0.796794    0.842543
          0           0           0           1
ground truth pose: 
     0.9866    0.159773   0.0330612 -0.00198883
   0.148623    -0.79646   -0.586142     -0.1289
 -0.0673179    0.583202   -0.809533     0.85212
          0           0           0           1

1
detected_pose: 
   0.53367   0.845528  0.0167348 -0.0379448
  0.652955  -0.399387  -0.643537 -0.0311099
 -0.537444   0.354363  -0.765232   0.872233
         0          0          0          1
ground truth pose: 
  0.494701    0.86784 -0.0460829 -0.0283418
  0.648401   -0.40388  -0.645335 -0.0364087
  -0.57866   0.289368  -0.762508   0.880135
         0          0          0          1

2
detected_pose: 
 -0.0566644    0.996504  -0.0613935   0.0321103
   0.738768 0.000486914   -0.673959   0.0148992
  -0.671573  -0.0835451   -0.736213    0.869568
          0           0           0           1
ground truth pose: 
-0.0498274   0.991232  -0.122379  0.0256946
     0.715 -0.0501509  -0.697324  0.0221578
 -0.697347  -0.122246  -0.706232   0.867462
         0          0          0          1

3
detected_pose: 
  -0.769552    0.636998  -0.0449718 0.000985056
   0.498526    0.555267   -0.665696  -0.0134667
  -0.399076   -0.534707   -0.744867    0.899802
          0           0           0           1
ground truth pose: 
 -0.701223    0.70214  -0.123634 0.00140051
  0.554349    0.42793  -0.713844 -0.0180527
 -0.448312    -0.5691  -0.689305   0.902347
         0          0          0          1

4
detected_pose: 
 -0.997273 -0.0673086 -0.0302546 -0.0150176
-0.0315046   0.759067  -0.650249 -0.0289621
 0.0667326  -0.647523  -0.759118   0.895899
         0          0          0          1
ground truth pose: 
  -0.99603 -0.0195252 -0.0868463 -0.0122068
 0.0509568   0.674896  -0.736151 -0.0314703
 0.0729857  -0.737655  -0.671222   0.897664
         0          0          0          1

5
detected_pose: 
 -0.823791  -0.564633 -0.0505732 -0.0287673
 -0.397912   0.639469  -0.657834 -0.0588044
  0.403775  -0.521795  -0.751463   0.933811
         0          0          0          1
ground truth pose: 
 -0.808882  -0.586074 -0.0471954 -0.0268014
 -0.391979   0.597342  -0.699668 -0.0672363
  0.438249  -0.547449  -0.712908   0.935962
         0          0          0          1

6
detected_pose: 
 -0.605075  -0.792003 -0.0813413  -0.174799
  -0.54456   0.486222  -0.683405  0.0388083
  0.580809  -0.369216  -0.725494   0.871045
         0          0          0          1
ground truth pose: 
 -0.601127   -0.79506 -0.0807871  -0.177873
 -0.556354   0.488918  -0.671885  0.0396987
  0.573687  -0.358942  -0.736237   0.877681
         0          0          0          1

7
detected_pose: 
   0.22638   -0.96806  -0.107764 0.00113789
 -0.729035 -0.0950265  -0.677848  0.0625733
  0.645957   0.232015  -0.727261   0.846727
         0          0          0          1
ground truth pose: 
   0.289047   -0.955986  -0.0504213 -0.00932703
    -0.6987   -0.174664   -0.693766   0.0581025
   0.654423    0.235761   -0.718433    0.851066
          0           0           0           1

8
detected_pose: 
  0.795872   -0.59539  -0.109993 -0.0584892
 -0.529338  -0.596037  -0.603772   0.050647
   0.29392   0.538749  -0.789532   0.779715
         0          0          0          1
ground truth pose: 
  0.813177  -0.571219  -0.111585 -0.0596882
 -0.502319  -0.591971  -0.630274  0.0472083
   0.29397   0.568576  -0.768312   0.790849
         0          0          0          1

9
detected_pose: 
 -0.980804  -0.192003  0.0340478 -0.0376107
 -0.109467    0.39764  -0.910988 -0.0518967
  0.161374  -0.897227  -0.411025   0.849856
         0          0          0          1
ground truth pose: 
  0.990623   0.135016  0.0208832 -0.0309462
 0.0777287  -0.431273  -0.898867 -0.0438494
 -0.112355   0.892062  -0.437723   0.859182
         0          0          0          1

10
detected_pose: 
 -0.966427  -0.255684 -0.0253952  -0.089526
-0.0748491   0.374699   -0.92412  0.0407666
  0.245798  -0.891194  -0.381257    0.84106
         0          0          0          1
ground truth pose: 
  0.973183   0.229885  0.0082555 -0.0863967
 0.0909438  -0.351536  -0.931747  0.0368489
 -0.211292   0.907511  -0.363016   0.843763
         0          0          0          1

11
detected_pose: 
  -0.69214  -0.721557 -0.0172509 -0.0183271
 -0.233271   0.246251  -0.940715    0.07617
  0.683028  -0.647082  -0.338759   0.775926
         0          0          0          1
ground truth pose: 
  0.658181   0.744114  -0.114421 -0.0108324
  0.249179  -0.358727  -0.899569   0.079022
 -0.710428   0.563568  -0.421525   0.779842
         0          0          0          1

12
detected_pose: 
 -0.865337   0.499365 -0.0427416 -0.0140025
  0.204699   0.274296  -0.939606  0.0741182
 -0.457482  -0.821825  -0.339578   0.813352
         0          0          0          1
ground truth pose: 
 -0.803919   0.583571  -0.114711 -0.0148055
  0.299046   0.229915  -0.926127  0.0748571
 -0.514087  -0.778835  -0.359348   0.818244
         0          0          0          1

13
detected_pose: 
 -0.975033   0.206646 -0.0812924 -0.0273601
  0.152881   0.359167  -0.920666  0.0534134
 -0.161055  -0.910108  -0.381792   0.775025
         0          0          0          1
ground truth pose: 
 -0.946739    0.28366  -0.152389 -0.0250537
  0.235566   0.287479  -0.928367  0.0565148
 -0.219531  -0.914819  -0.338988   0.783452
         0          0          0          1

14
detected_pose: 
-0.899036 -0.415883 -0.137024 0.0143747
-0.0375378  0.384978 -0.922162 0.0933465
 0.436263 -0.823913 -0.361721  0.727014
        0         0         0         1
ground truth pose: 
-0.846347 -0.512838 -0.143853  0.011565
-0.0571866  0.356011  -0.93273 0.0960721
 0.529553 -0.781187 -0.330637  0.733956
        0         0         0         1

15
detected_pose: 
-0.522802 -0.835024 -0.171499 0.0572042
-0.231849  0.332882 -0.914022 0.0752554
 0.820319 -0.438091 -0.367631   0.76629
        0         0         0         1
ground truth pose: 
-0.523009 -0.838454 -0.153154 0.0652852
-0.228844   0.31123  -0.92237 0.0739808
 0.821031 -0.447359 -0.354651  0.771164
        0         0         0         1
16
detected_pose: 
  -0.0781588    -0.984973    -0.154011 -0.000115007
   -0.422177     0.172649    -0.889921    0.0335253
    0.903138  -0.00453521    -0.429327      0.74602
           0            0            0            1
ground truth pose: 
  -0.12793  -0.987043 -0.0968451 0.00672464
 -0.383962   0.139323  -0.912777  0.0345474
  0.914444 -0.0795866  -0.396811   0.753576
         0          0          0          1

17
detected_pose: 
 0.649903 -0.734226 -0.196313  0.145644
-0.426068 -0.138078 -0.894092 0.0707669
 0.629359  0.664716 -0.402567  0.641158
        0         0         0         1
ground truth pose: 
 0.630001 -0.764649 -0.135686  0.141114
-0.391472 -0.161794 -0.905855 0.0716366
 0.670708  0.623806 -0.401269  0.648392
        0         0         0         1

18
detected_pose: 
 0.893498 -0.426804  -0.13964 0.0110488
-0.327703 -0.407094 -0.852576 0.0591863
 0.307036  0.807535 -0.503603  0.563559
        0         0         0         1
ground truth pose: 
  0.803411  -0.586587  -0.102207 0.00900192
 -0.380866  -0.374333  -0.845468  0.0510695
  0.457681   0.718185  -0.524155   0.567914
         0          0          0          1

19
detected_pose: 
 -0.995121  0.0635836 -0.0754462  0.0560368
 0.0960468    0.44924  -0.888234  0.0772329
-0.0225837  -0.891146  -0.453155   0.612145
         0          0          0          1
ground truth pose: 
  0.996104 -0.0719854 -0.0509305  0.0589228
-0.0788253  -0.467994   -0.88021  0.0724623
 0.0395271   0.880795  -0.471845   0.616245
         0          0          0          1


