0
detected_pose: 
-0.984428  0.138745  0.107943 0.0647531
 0.058821  0.838636 -0.541507 -0.172627
-0.165656 -0.526725 -0.833738  0.945444
        0         0         0         1
ground truth pose: 
-0.621429  0.781933 0.0490567 0.0700581
 0.567689  0.492546 -0.659642 -0.162641
-0.539958 -0.382071 -0.749977  0.948952
        0         0         0         1

1
detected_pose: 
  0.942907   0.319994  0.0923587 -0.0688886
  0.302947  -0.708814  -0.637029 -0.0507071
  -0.13838   0.628639  -0.765287   0.927681
         0          0          0          1
ground truth pose: 
 -0.695533   0.716444  0.0542356 -0.0845221
  0.483121    0.52222  -0.702767 -0.0467244
 -0.531816  -0.462595   -0.70935    0.92621
         0          0          0          1

2
detected_pose: 
 0.150787 -0.986448 0.0646776 0.0649953
-0.766538 -0.157985 -0.622464 -0.058895
 0.624246 0.0442818 -0.779972   0.94331
        0         0         0         1
ground truth pose: 
-0.941975 -0.312895  0.121574 0.0539576
-0.319497  0.724582 -0.610658  -0.06048
 0.102981 -0.614067 -0.782507  0.942328
        0         0         0         1

3
detected_pose: 
 -0.271988  -0.962119  0.0186866 -0.0645948
 -0.760673   0.203065  -0.616556   -0.12358
  0.589406  -0.181911  -0.787089   0.970062
         0          0          0          1
ground truth pose: 
 -0.810123  -0.585991  0.0177516 -0.0710705
  -0.46799   0.628158  -0.621613  -0.130249
  0.353109   -0.51189  -0.783123   0.974713
         0          0          0          1

4
detected_pose: 
  0.971545   0.236468 -0.0135084  -0.1251636
   0.17734   -0.76405  -0.620305   -0.12806
 -0.157004   0.600259  -0.784244   0.994236
         0          0          0          1
ground truth pose: 
-0.0483741  -0.998827 0.00214316  -0.121859
 -0.775329  0.0361971   -0.63052  -0.137588
  0.629702 -0.0321625   -0.77617    1.00559
         0          0          0          1

5
detected_pose: 
  0.899963  -0.435665 -0.0162288 -0.0197645
 -0.354174  -0.708904  -0.609932 -0.0990475
  0.254221   0.554663  -0.792288   0.940959
         0          0          0          1
ground truth pose: 
  0.818356  -0.574473  0.0165402 -0.0190551
 -0.436461  -0.639961  -0.632417  -0.108203
  0.373892   0.510323  -0.774452    0.95263
         0          0          0          1

6
detected_pose: 
  0.953873    -0.2992 -0.0246315  -0.078721
 -0.247446  -0.737108  -0.628843  -0.062551
  0.169993   0.605931  -0.777142   0.938028
         0          0          0          1
ground truth pose: 
  0.999099 -0.0388753  -0.017049 -0.0823294
-0.0404405   -0.74958  -0.660677 -0.0649942
 0.0129045   0.660771  -0.750477   0.944011
         0          0          0          1

7
detected_pose: 
  0.891536   0.447304 -0.0712994  0.0243935
  0.299048    -0.6995  -0.649054 -0.0382145
 -0.340198   0.557333  -0.757394   0.935962
         0          0          0          1
ground truth pose: 
 0.819049  0.562205 -0.114387 0.0237958
 0.360401 -0.659308 -0.659866 -0.044999
-0.446396  0.499238 -0.742625  0.940708
        0         0         0         1

8
detected_pose: 
  0.514776   0.856575 -0.0358523 -0.0194563
  0.629642  -0.406116  -0.662284  0.0819668
 -0.581856   0.318354  -0.748394   0.834813
         0          0          0          1
ground truth pose: 
  0.450667   0.892495 -0.0187832 -0.0171959
  0.642542  -0.338916  -0.687224  0.0795236
 -0.619709    0.29764  -0.726203   0.839165
         0          0          0          1

9
detected_pose: 
-0.0818646  -0.992727  -0.088268  0.0207389
 -0.776039   0.119064  -0.619344 -0.0668652
  0.625349  0.0177971  -0.780142   0.890044
         0          0          0          1
ground truth pose: 
  -0.19559   0.976863 -0.0865022  0.0191872
  0.779841   0.101444  -0.617703 -0.0615522
 -0.594636  -0.188275   -0.78164   0.885533
         0          0          0          1

10
detected_pose: 
 -0.957303   0.287868  0.0265024 -0.0301113
  0.135584   0.528063  -0.838312  -0.149608
 -0.255318  -0.798925  -0.544547   0.817297
         0          0          0          1
ground truth pose: 
 -0.479746   0.877376 0.00738079 -0.0287514
  0.468079   0.263041   -0.84363  -0.148454
 -0.742122  -0.401273  -0.536874   0.818694
         0          0          0          1

11
detected_pose: 
 -0.977795    0.20591  0.0389614 -0.0636058
 0.0539186   0.426848  -0.902715  0.0129514
 -0.202509  -0.880569  -0.428472   0.843037
         0          0          0          1
ground truth pose: 
 -0.587677   0.808799  0.0218952 -0.0642793
  0.327455   0.262502  -0.907671  0.0130437
 -0.739871  -0.526248  -0.419112   0.847906
         0          0          0          1


12
detected_pose: 
 -0.998296  0.0576481 0.00900485  0.0141914
 0.0210896   0.500409  -0.865533 -0.0131001
-0.0544024  -0.863868  -0.500772   0.780316
         0          0          0          1
ground truth pose: 
  -0.96847   0.248873  0.0113196  0.0132083
  0.112569   0.477682  -0.871291 -0.0190919
 -0.222248  -0.842545  -0.490635   0.776046
         0          0          0          1

13
detected_pose: 
-0.982181 -0.183708 0.0396482 -0.146187
-0.131133   0.51877 -0.844797 0.0017122
 0.134627 -0.834943 -0.533616  0.705181
        0         0         0         1
ground truth pose: 
  -0.974031    0.221884   0.0450679   -0.143348
  0.0797437    0.522488   -0.848909 -0.00327501
  -0.211906    -0.82327   -0.526613    0.706351
          0           0           0           1

14
detected_pose: 
 -0.710349  -0.703048  0.0335919 -0.0469128
 -0.410175   0.374707  -0.831475 -0.0293707
   0.57198  -0.604416  -0.554545   0.724877
         0          0          0          1
ground truth pose: 
  -0.85823  -0.513045  0.0150493 -0.0471517
 -0.260363   0.409896  -0.874183 -0.0267961
  0.442326  -0.754169  -0.485363   0.728505
         0          0          0          1

15
detected_pose: 
  0.982333   0.185644  0.0236064 -0.0739595
  0.124352  -0.553271  -0.823667 -0.0504521
 -0.139848   0.812051  -0.566582   0.746967
         0          0          0          1
ground truth pose: 
 -0.532331  -0.844698  0.0557558 -0.0947217
 -0.489863   0.253658  -0.834082 -0.0639293
  0.690404   -0.47132  -0.548816   0.767806
         0          0          0          1

16
detected_pose: 
  0.987162  -0.157746 -0.0250653 -0.0533458
 -0.117457  -0.610591  -0.783188  -0.122244
  0.108241   0.776077   -0.62128   0.760913
         0          0          0          1
ground truth pose: 
   0.70928  -0.704902  0.0058578 -0.0608221
   -0.4028  -0.412094   -0.81727  -0.130567
  0.578509   0.577314  -0.576225   0.769748
         0          0          0          1

17
detected_pose: 
  0.992402   0.101559 -0.0694534  -0.116531
0.00550312  -0.600569  -0.799554 -0.0676734
 -0.122913   0.793097  -0.596565    0.73486
         0          0          0          1
ground truth pose: 
  0.982638  -0.185051 -0.0133189  -0.116697
 -0.114228  -0.546865  -0.829391 -0.0791659
  0.146196   0.816513  -0.558509   0.736859
         0          0          0          1
18
detected_pose: 
  0.901358    0.42018   -0.10489 -0.0407396
  0.173801  -0.572802  -0.801056   -0.11747
 -0.396669   0.703809  -0.589328   0.800839
         0          0          0          1
ground truth pose: 
  0.742951   0.661769  -0.100428 -0.0458254
  0.332692  -0.495289  -0.802499   -0.11591
  -0.58081   0.562806  -0.588141   0.804674
         0          0          0          1

19
detected_pose: 
 -0.996504   0.039113 -0.0738222  0.0156553
 0.0827799   0.581477   -0.80934 -0.0660519
 0.0112702  -0.812622  -0.582682    0.73329
         0          0          0          1
ground truth pose: 
  0.462322   0.883339 -0.0772695  0.0310683
   0.50845  -0.335484  -0.793051 -0.0689473
 -0.726456   0.327357  -0.604235   0.731555
         0          0          0          1

